0010010010000000000000000000000000000000000000000000000
0000010010000011000000000100000000000010000000000000000
0000011101100000000000000010000000000011011000000000000
0000011000100000000000000010000000000011011000000000000
0011010100000000000000000000000000000000000000000000000
0000010010000011000000000100000000000010000000000010000
0000011001100000000000000010000000000011011000000000001
0000010111100000000000000010000000000011011000000000001
0000100100100000000000000100000000000100000000000110000
0000010010000011000000000100000000000010000000000100000
0000011010000010001100000000010000010100000011000000000
0000011010000010001100000000010000010100000011000000000
0000010010000000100000000000000001000011000000000000000
0000010010000011000000000001000000000010000000000000000
0000010010000010000000000010000000000000101000000000001
0000011100100000000000000010000000000000000000000000000
0001010000000000000000000000000000000000000000000001110
0001010001000000000000000000000000000000000000000001100
0100100001100000100000010000000000000000000000000000000
0100100001100000100000010000000000000000000000000000000
0000010010000010100000010000000001001011000000000000000
0000010010000010100000010000000001001000110000000000001
0000010010000000100000000000000001000000100000000000001
0000010000010000000000000100000000000000000000000110010
0000010001010000000000000100000000000000000000000110000
0001011001010000000000000000000000000000000000000001000
0000100101010000000011100000000010000000000000000000010
0000010010000011000000001000000000000000000000000000010
0001011100010010000000010000000000001000000000000001000
0001011101010000000000000000000000000000000000000001000
0000010010000000100000001000000000100000000000000000010
0000010010000011000000001000000000000000000000000000000
1000000000000100000000000000000000000000000000000000000
0001100001010000000000000000000000000000000000000001000
0100100000000000000000000000000000000000000000000000000
0000100010001000000001001000000000000000000000010000010
0001100100010000000000000000000000000000000000000001000
0000101101100010000000000000000100010100000000100000000
0000100111000000100000001000000000100000000000000000010
0000101000100010000000000000000100010100000000000000000
0001101000010000000000000000000000000000000000000001000
0000011010000010001100000000010000010100000000000000000
0000101011000000000000101000000000000000000000001000010
0000101100000010000000000000000100010100000000000000000
0000010010000010010000000000010000010100000100000000000
0001101101000000000000000000000000000000000000000001110
0000110001100010000000000000000100010100000000100000000
0000101110010000000000000000100000000000000000000000010
0000011010000010001100000000010000010100000001000000000
0001110001000000000000000000000000000000000000000001110
0000000000000000000000000000000000000000000000000000000
0000110100100000000000000000001000000000000000000000000
0001110100010000000000000000000000000000000000000001000
0000000000000000000000000000000000000000000000000000000
0000010010000000100000001000000000100000000000000000010
0000000000000000000000000000000000000000000000000000000
0000011010000010001100000000010000010100000010000000000
0000000000000000000000000000000000000000000000000000000
0000000000000000000000000000000000000000000000000000000
0000000000000000000000000000000000000000000000000000000
0000000000000000000000000000000000000000000000000000000
0000000000000000000000000000000000000000000000000000000
0000000000000000000000000000000000000000000000000000000
0000000000000000000000000000000000000000000000000000000
