000100100100000000000000000000000000000000000000000000000000000000000
000000100100000110000000000000100000000000000100000000000000000000000
000001100101000000000000001100010000000000000110110000000000011000000
000001100101000000000000001100010000000000000110110000000001001000000
000110101000000000000000000000000000000000000000000000000000000000000
000000100100000110000000000000100000000000000100000000000000000010000
000001100101000000000000001100010000000000000110110000000000010000001
000001100101000000000000001100010000000000000110110000000001000000001
000001001001000000000000000000100000000000001000000000000000000110000
000000100100000110000000000000100000000000000100000000000000000100000
000000110100000100011000000000000010000000101000000100000000000000000
000000110100000100011000000000000010000000101000000100000000000000000
000000100100000001000000000000000000000010000110000000000000000000000
000000100100000110000000000000001000000000000100000000000000000000000
000000100100000100000000000000010000000000000001010000000000000000001
000000111001000000000000000000010000000000000000000000000000000000000
000010100000000000000000000000000000000000000000000000000000000001110
000010100010000000000000000000000000000000000000000000000000000001100
001001100101000001000000001110000000000000000000000000000000100000000
001001100101000001000000001110000000000000000000000000000000100000000
000000100100000101000000000010000000000010010110000000000000000000000
000000100100000101000000000010000000000010010001100000000000000000001
000000100100000001000000000000000000000010000001000000000000000000001
000000100000100000000000000000100000000000000000000000000000000110010
000000100010100000000000000000100000000000000000000000000000000110000
000010110010100000000000000000000000000000000000000000000000000001000
000001001010100000000111000000000000010000000000000000000000000000010
000000100100000110000000000001000000000000000000000000000000000000010
000010111000100100000000000010000000000000010000000000000000000001000
000010111010100000000000000000000000000000000000000000000000000001000
000000100100000001000000000001000000000001000000000000000000000000010
000000100100000110000000000001000000000000000000000000000000000000000
010000000000001000000000000000000000000000000000000000000000000000000
000011000010100000000000000000000000000000000000000000000000000001000
110000000000000000000000000000000000000000000000000000000000000000000
000001000100010000000010000001000000000000000000000000010000000000010
000011001000100000000000000000000000000000000000000000000000000001000
000001011011000100000000000000000000100000101000000000100000000000000
000001001110000001000000000001000000000001000000000000000000000000010
000001010011000100000000000000000000100000101000000000000000000000000
000000110100000100011000000000000010000000101000000001000000000000000
000011010010100000000000000000000000000000000000000000000000000001000
000001011000000100000000000000000000100000101000000000000000000000000
000001010100000000000001000001000000000000000000000000001000000000010
000000100100000100100000000000000010000000101000001000000000000000000
000011011010000000000000000000000000000000000000000000000000000001110
000001100011000100000000000000000000100000101000000000100000000000000
000001011100100000000000000000000100000000000000000000000000000000010
000000110100000100011000000000000010000000101000000010000000000000000
000011100010000000000000000000000000000000000000000000000000000001110
000001111000000000000000100000000000000000000000000000000000000000000
000001101001000000000000000000000001000000000000000000000000000000000
000011101000100000000000000000000000000000000000000000000000000001000
000011101010100000000000000000000000000000000000000000000000000001000
000000100100000001000000000001000000000001000000000000000000000000010
000001111010000000000000010001000000000000000000000000000010000000010
000000110100000100011000000000000010000000101000000011000000000000000
000011110010000000000000000000000000000000000000000000000000000001110
000000110100000100011000000000000010000000101000000000000000000000000
100000000001000000000000000000000000001000000000000000000100000000000
000001101011000000000000000000000000001000000000000000000000000000000
000001110010100000000000010000000000000100000000000000000000000000010
000000000000000000000000000000000000000000000000000000000000000000000
000000000000000000000000000000000000000000000000000000000000000000000
